$ANSIBLE_VAULT;1.1;AES256
38303338653333663564333566383232623866323663363139356330383039326563393838386134
3062663266313637383135333435633466656365623966300a306433623962653834336563626132
39613039393966656335356336363131326235633535313937656666633262326461303138323464
6466376336313539300a343331656165623539383830636566646338343665386561613637363032
62353630626263623463373665623135336263376461363239333364366539613635386264366235
36623762373264313263333038656533663461663131393138333736353730343363643762333731
64313039663535343338393437356262393236313732623864646463373632303366323636666236
32343535316162653534613438646634393931393134626136613962623435353830313363643738
63343761363463393464633363363262376437643934666537376439646565663332643037613038
66346364666138626665636662323335316665373332336134376436363763323065613938626638
34346433663966633137666334613361313338626237356162346330373362616134623138623261
33613936373366646130323864343465643632343639333634383365323765376639383338653237
37623235633330646661623263393237366434353862643231313861346136343335356164393638
32343132353065613165663032306633653061313730373835333339373535376432656630376335
39333366356332373633386365353935353066376630343235373332623363363263336131306230
63333333616534643433313263306232336233316234323166336631353462353062636136666437
62356234643332646430633132643438363333613537636531626631613035306365656333383735
33656531623433303831306231656338356539323338653631353437643964316130613231383666
32396233353062356264653430326536393535353038366132323161366166393765346231386563
66366438663936616334613630393366623833356466623039616433363937363762626130323237
34386233313461633436613366343236626361653964393331376432313865343964616532623232
37646463653633363639366334343261376130623836646336306166653661323464396131613230
65373538636636353766633161313836386538336431633738373561643732633832356139653064
35313233356333393962353437656464363465633466363565336237373638303434363464353433
31653436656266356561613834316330393662316337396533346664363836623461623662376538
64306635326332386334346437373964663962313839643035623134663535373331656537653930
38303134306364393935396132333165653135613866323066643836363836646666336437656631
39623566336437353137623336356438633630373564323338346562643866643537653135653830
32666638623534626532643461396337633534363333383532346533643039383637633366666563
31613237316637306438616362383630326265356266343465393439333038633337643566393237
36626434623530353632343363633266376463313063366566663565656433363437623732373933
31313639326266333261333939376630646638663235386566613265663230353531663839633236
39653339353934373565383665333834613662643764393532373631323061316632346631663566
37343965386333643139363266396130656434373036336431333766653431616437353833623662
31636632666436326336326365363132373163656131623765636432633035333831623062623232
62343037316532653936306264626363313438363938356337666563343831323265366531623331
30623365326464316664316562613563313564316637303230623635333534303239386339393232
36653365383439356337643264626536623864626265663835666364363066633631646262633331
64313038653664376438363866386161326163313533666232626630313136646566373364653939
61366135333635393638373034333339346138306364326537333031376332653563303931303861
66393439343061313165353730363763343431313139323862653631386637383265356466336265
63396232316636346635303631383266623737393837623161363366373738313331363134343262
32323034616535336163626630653561643539333165633436373764363963623661616232393936
31633963323439656562643739376139373962616465653564333938376165333933316135616430
34613064383931333430386539353633623933303465343261386635336362343262363565653733
38663762346131653038383439336634616431333538316639323966373935346266313461663466
63353863663565313338303834633465666633646539323032363462396235393138303165353333
30313133666135663735656564346535303461373366336630396161306564383836623436323436
36653535323432636633343036386230396365356664653133643438613739323734373138376634
35663666333130363235366539356235346633383837306461636164663130353530636165633534
32663236623032363161303031346135393635633838303632363933666530303830666333366466
35343165303635363962376264303062396162613136646434643634303333393637366365373839
64663033383166393732656263613161623132316363653431656337353061336561346466333061
34383633346435613136333631363630323763653235616134376230663766633464373133636230
33333464333533383431336433633130343534343835393635353031303031343166333738623238
38343661643061653039383931313235616361386632393031316635626563653633373061383863
32373233303762313233633133633533356330346435396563386132306661346335313337306532
63343433653438353739666564613332303330616231393663626361316337306336633761376365
32643837643139383039636139623639623738663364613930373737373037656236633663336330
36653037633063396638353833633463646364363038653638373265633734393534353163643163
61383033336439633166396133356133343436666238313734323632343130326265333063663332
61636166623735613938396236636139336265363832626131326430313063373634396361646231
35663030633361303832636230656130333637623637643764306531643032366238653339623462
36353137336338633635313862386333633037336436353262346662303136393961326531353963
39366435386337303036346465396131313538303736613330646333623864333536616630653837
39626136613737313761363963623463323261313366323664336565636330636133616235643063
32373461653561633965363663636236346432653630636163666530383336333730353935336362
63333934616565663033306230346465326165653238666435626637656264306336313336346536
61343861313538333536336631346135373261303938653566356436333137666638646362363639
35353739383233316638626132666261333766353836663461343035626261303764643839343964
62393135323837666137356439353334393830396638656239626234633930363861333134346435
66306163646537633866313562663363393435383962396530366136363436383035323239366230
30353637396435343037303566633830376531363339343135383266393532643166616165666632
38376664666266306431303933383332313864616261333663333365313538316539376264386338
62373662393435353738343639663661363666363261636238323765393731353963366634343337
65386636393765613334376465396636366433616138623266313238323866303437303336336332
62626337613265336435353439383564303865636264623533383232346434306635633933353261
38623339653663663161303264393963646536373632333134313163386631316638646165303235
64626163656335356631333764313132626463616637356230643432633332346637336466633239
37633465613138656132393638336433316237623761656662303930653837376630303737306166
66653231333735363763636330383337646132636566326132303963366365336134613635666431
37353766626562653162653665333866636465663437313337333565653136653666373663666336
61336133623663306430616432353837333361326634613463616334376439666333373836326362
38633131306339613965306436383966323736616261323531306163363839643539353961326462
33393836383136393737313436316562366465313863623237303264633763343432376263323864
33373064373361613639353365373762643035663162636131316663323634613265333935643362
64663636613835393762333535323738323138663630613566643931383862633934386661626664
32313939666533393230373164383262383465393265623162373932376466323535616635613362
31353465653662643262366335643939316163616239346262633239313266313965363831666163
64313461366635656531373962646632663037343533326530313033643236383034393966353834
32633032363530393432313361313237353832616638643935383830333665666266316130633435
38653437643061353865396635613462326666333431643839616564663061373032353861346662
37396664326564396465336462613830623863373663626462643634633461363535326137373930
65336232333834333236316335626436616337376661633163376165376336366161653037396332
61613861653338333032393037663462363832313833393536333239383961613766393762643663
32313835353766363466623064383561653463343865356432313135343734343639373363383631
31613030666533353537373536356337386431336262636163613832643861646632373263633964
66313939656630333363383036343735643361323265306461353635633963633336336166336561
63393035633264373932303834383033383537353031376465313161313465356432636331383134
62353231343133363836343763356339313562386166663866343330613930653363666166306631
63653861656264633230396636373031643539373031313961326632623864396238343231633533
61633665346333373062653737663638663164303065623733383664353761373337393766643463
35373230613039343835373733636438623734353934386165643637373436323761313965346166
38353063363534643431333261363830306238323833316630666235376332356163636531353965
34633662666630363164613561633035343166656465623930336164663333333435643034303066
32353765306138336565646231623730393332623762663936366362333239323139373266653937
30366530646631306564653762313439623638313662383937623837353139666562623936663635
66656131333232343136303539366432646438386162336365666235656465336233356265306462
38343438343831383533636134656438383633363938353533643961303464353933663038326633
64616337343339333464616138393539613830623166313234363266366462336332646633646266
30366139373631616235313539646438626638353435623639393966303837333331373830373565
33663338633436313237376238326530363866326565623235356563333935613763666439316165
36616362336632303831323435643536323035343435613532646566636432303936323766363438
33623235346431646564323162323565353739616236376439343531643533643064623239613330
66616666396634376464656565653338663138326632316165613664616261336261623732626565
63363864356262666232643139383864356432353034386531323730613365643430303362366233
34356565336232313566616238613138613964346564633665383532323962353236623466613062
66386263303261373765633865306633353436633131303865323437356637396532646331373834
33373161623634333731613464313463616633653738303739623665376639396362646362653736
38353562343733366232643065333635323066653732306131666434323864396336393839363137
37633132613662656464316661396436643632303361643762633336333338633234663961323666
64376262613037636438653230383236316630643562333562626632613837323330353337393136
36613433356238636338346638383865333366636432613431663132613132393063633963653930
61623538636632383362393035623539623363626136313463343766376335336637646561383331
34303736613966316332643335363839393661613163623536303739373432643336613461353231
35383737633365323538306536613335353261363263383933343162613161653764306365363332
62613162376133646163663133393666373831376430353230393433623035666333366663336365
38653032353631373133366664376262633864333061386635623462373334356664633730343565
36373964356433326437356162383737663862356666366430326332633935366566343835373838
34666338323763613436373161336539386365646261663362613434326635366265383363313961
64376232383535666639366239313562326164333930383230386465393435363835373438383335
34656430346133656663626162326432316462616234623334336333633664373636306465333662
64383335616563643233366238643162333066643631646236343138363739393763316664353834
62663639393137656535303036623836303433303961393138386362663661643464623761346536
66383432633030633066383930666139626534356665613735313037623332313761656631653463
37616334613834613638303239353533663265373462313136356338386439636364393362333135
39323638353562643163333331356432306661613537353261363737643037323336373661373639
61326264373666376363396438366136363337633431666532636631373730666462323133313037
38656161326131663737653933356632303030373333653433383533653032373365343063373436
36643937376537346430316135646364646638643766356462386231643030643734336235353434
66373535653563633865373961383262633831356262353034336264613932346338656166353833
62653561373764373064383837336533633965313431393263353330323035313664316231383030
38643339303666383836666232383564643338326162336537346635316562396263313530666366
34653234363665333934306338313138333462633239373263303430636263396265636432373664
66653039653636663537353665386338623738353163303635663161353635323666653839333962
31643036383932653262653538386164646634363633616438316333373934313661386134336539
33366432623830653163656266616366313430663733316331623938623634636262663765323163
63636362326464633639396539326434616335303730333634663765323463343935393765633530
35326166666464633531353635613066656331663435376334323632623938613232616334323662
37636463636634646230373364343038303936316363393433646531373535353530653461616337
36383736623739373532353631646266653438356439333861343666393863323763653635666633
35613066616234616334396638356264353439376531643662313237336632343936386231623735
33356664653665366139333934643737623737373435653233393533326233626337636138376239
61663861613435373063633436363235376461303738616566623562326466313030323939363835
66363836613132306333643637326632313738356535333064383463393339353939646365373563
36623730646263333438326331306634343133356366393232353739363130363731343734323437
32623066643564666564313133383235663863346237396663663634643665633836313032376234
33363264383532376337333237343664383637366166653230366333303266646237366435316538
37383562393536623634343265616131373838373330346139633138666231653366633162353265
37336464653235396565643663613066313432633864663565633261346137306537323433643264
65363034353764306361636139626461366364393430363533646637383334616630363764643130
33653531353435393233636166646436643361383432366633303934306332303864356632626430
63343566663830623061373136303635373464343531383038343965653930633866366165353562
36363837386632396463643161313462306235353737616337613331333030653133363339313166
33663739386264346532613739393264303636643031613839383933363766343432616639653766
36393635373162383162393064346365353766343836383539383636303732383630353261643838
63333134393533346135626362666137373565616134303535306335306130633832373662393532
62336138313532646231323334303533653439623865343437323736323762313563333234313663
34643931303237636436393561636362636266373837623332653434356630303065646531656233
31313038656332643164656239633263343138386538303039393630633263373537346130616364
35636631396532323532666135613166393833303831643663323965353364386337633231363165
62393666363263303631616661633964346335333264383938376238356562313735326562636138
39366163323164313538643530333165626662643065643235623363393639343430
